[?25l[0m[38;2;233;233;233;48;2;238;238;238m┶[38;2;234;234;234;48;2;237;237;237m┘[38;2;228;228;228m╶[38;2;248;248;248;48;2;236;236;236m╴[38;2;240;240;240m┘[38;2;47;59;66;48;2;209;205;207m▗[38;2;51;63;63;48;2;211;207;209m▆[38;2;58;84;79;48;2;222;210;211m▇[38;2;41;58;62;48;2;198;191;193m▅[38;2;139;132;134;48;2;236;236;236m▖[38;2;242;242;242m┘[38;2;236;236;236;48;2;239;239;239m▆[38;2;239;239;239;48;2;236;236;236m┹[38;2;225;225;225;48;2;238;238;238m╴[38;2;233;233;233m┐[38;2;238;238;238;48;2;235;235;235m▆[38;2;225;225;225;48;2;238;238;238m╶[38;2;242;242;242;48;2;236;236;236m┘[38;2;236;236;236;48;2;237;237;237m┲[38;2;234;234;234;48;2;238;238;238m┲[38;2;232;232;232m╼[38;2;234;234;234m┶[38;2;239;239;239;48;2;236;236;236m┲[38;2;225;225;225;48;2;238;238;238m╶[38;2;241;241;241;48;2;236;236;236m┘[38;2;236;236;236;48;2;239;239;239m▆[0m
[38;2;249;249;249;48;2;234;234;234m╸[38;2;229;229;229;48;2;238;238;238m╏[38;2;249;249;249;48;2;235;235;235m╺╺[38;2;237;235;235;48;2;204;190;173m▊[38;2;164;160;103;48;2;58;60;61m▃[38;2;47;47;45;48;2;52;61;51m╴[38;2;47;108;77;48;2;40;44;39m▆[38;2;40;102;70;48;2;44;129;103m▂[38;2;54;93;79;48;2;195;184;184m▊[38;2;223;223;223;48;2;239;239;239m╸[38;2;233;233;233m┑[38;2;226;226;226m╺[38;2;223;223;223m╺[38;2;229;229;229;48;2;238;238;238m╏[38;2;230;230;230m╏[38;2;225;225;225;48;2;239;239;239m╸[38;2;224;224;224m╸[38;2;245;245;245;48;2;236;236;236m╏[38;2;225;225;225;48;2;239;239;239m╺[38;2;226;226;226;48;2;238;238;238m╺[38;2;229;229;229m╏[38;2;230;230;230m╏[38;2;223;223;223;48;2;239;239;239m╸[38;2;245;245;245;48;2;236;236;236m╏[38;2;232;232;232;48;2;238;238;238m┉[0m
[38;2;240;240;240;48;2;235;235;235m┶[38;2;238;238;238;48;2;237;237;237m┚[38;2;240;238;238;48;2;231;231;232m┊[38;2;136;142;120;48;2;225;221;213m▂[38;2;216;203;178;48;2;185;166;85m▘[38;2;220;208;179;48;2;197;176;96m▃[38;2;196;184;137;48;2;43;39;32m▌[38;2;9;9;5;48;2;34;44;32m▄[38;2;21;27;19;48;2;36;68;46m▆[38;2;13;21;14;48;2;28;38;29m╴[38;2;215;201;201;48;2;237;237;237m▏[38;2;238;238;238;48;2;235;235;235m▆[38;2;240;240;240;48;2;236;236;236m┲[38;2;248;248;248m╴[38;2;235;235;235;48;2;238;238;238m┱[38;2;236;236;236;48;2;239;239;239m▆[38;2;248;248;248;48;2;236;236;236m╶[38;2;232;232;232;48;2;238;238;238m┘[38;2;238;238;238;48;2;237;237;237m┲[38;2;228;228;228m╶[38;2;240;240;240;48;2;236;236;236m┾[38;2;236;236;236;48;2;239;239;239m▆[38;2;235;235;235;48;2;238;238;238m┲[38;2;247;247;247;48;2;236;236;236m╶[38;2;239;239;239m┱[38;2;240;240;240m▁[0m
[38;2;224;224;224;48;2;239;239;239m╸[38;2;244;244;244;48;2;236;236;236m╏[38;2;230;228;228;48;2;163;159;164m▇[38;2;230;229;229;48;2;118;109;92m▇[38;2;236;236;236;48;2;208;195;189m▇[38;2;245;245;245;48;2;235;235;235m╺[38;2;226;221;222;48;2;55;56;60m▋[38;2;165;175;174;48;2;17;20;16m▁[38;2;142;149;146;48;2;18;24;17m▁[38;2;147;148;146;48;2;38;54;41m▁[38;2;211;186;186;48;2;237;237;237m▏[38;2;230;230;230;48;2;238;238;238m╏╏[38;2;223;223;223;48;2;239;239;239m╸[38;2;229;229;229m╸[38;2;231;231;231;48;2;238;238;238m╺[38;2;223;223;223;48;2;239;239;239m╺[38;2;249;249;249;48;2;235;235;235m╸[38;2;230;230;230;48;2;238;238;238m╏[38;2;249;249;249;48;2;235;235;235m╺[38;2;223;223;223;48;2;239;239;239m╸[38;2;244;244;244;48;2;236;236;236m╏[38;2;228;228;228;48;2;239;239;239m╺[38;2;223;223;223m╺[38;2;230;230;230;48;2;238;238;238m╏╏[0m
[38;2;240;240;240;48;2;235;235;235m┭[38;2;238;238;238;48;2;236;236;236m▂[38;2;239;239;239m┲[38;2;248;248;248m╴[38;2;236;236;236;48;2;239;239;239m▆[38;2;183;173;173;48;2;231;229;229m▁[38;2;77;70;71;48;2;196;195;199m▅[38;2;79;71;70;48;2;226;230;230m▆[38;2;71;55;52;48;2;217;222;223m▆[38;2;124;96;92;48;2;218;208;205m▅[38;2;241;241;241;48;2;236;236;236m┶[38;2;240;240;240;48;2;237;237;237m┘[38;2;235;235;235;48;2;238;238;238m┲[38;2;228;228;228m╴[38;2;231;231;231;48;2;237;237;237m╴[38;2;238;238;238;48;2;235;235;235m▆[38;2;228;228;228;48;2;238;238;238m╶[38;2;234;234;234m┭[38;2;236;236;236;48;2;237;237;237m╱[38;2;234;234;234;48;2;238;238;238m┲[38;2;228;228;228;48;2;237;237;237m╴[38;2;234;234;234m┘[38;2;238;238;238;48;2;236;236;236m┲[38;2;228;228;228;48;2;237;237;237m╶[38;2;234;234;234;48;2;238;238;238m┭[48;2;237;237;237m▁[0m
[38;2;249;249;249;48;2;235;235;235m╸[38;2;230;230;230;48;2;238;238;238m╏[38;2;248;248;248;48;2;235;235;235m╺[38;2;223;223;223;48;2;239;239;239m╸[38;2;164;150;150;48;2;237;237;237m▗[48;2;74;68;70m▘[38;2;64;60;63;48;2;61;56;57m▏[38;2;65;57;55;48;2;59;51;51m▘[38;2;63;50;48;48;2;75;57;53m▉[38;2;80;61;58;48;2;90;64;60m╴[38;2;151;136;131;48;2;230;223;223m▆[38;2;142;134;129;48;2;231;226;226m▅[38;2;160;155;157;48;2;237;233;233m▅[38;2;184;179;182;48;2;236;236;236m▅[38;2;194;184;186m▄[38;2;198;198;198;48;2;234;229;231m▂[38;2;224;219;219;48;2;237;235;235m▖[38;2;243;243;243;48;2;235;233;233m┝[38;2;244;244;244;48;2;235;235;235m╏[38;2;225;225;225;48;2;239;239;239m╺[38;2;251;251;251;48;2;235;235;235m╸[38;2;230;230;230;48;2;238;238;238m╏╏[38;2;250;250;250;48;2;235;235;235m╺[38;2;244;244;244;48;2;236;236;236m╏[48;2;235;235;235m╏[0m
[38;2;234;234;234;48;2;238;238;238m┭▁╼[38;2;168;151;150;48;2;236;236;236m▗[38;2;157;140;140;48;2;74;64;64m▘[38;2;80;69;70;48;2;67;61;63m▂[38;2;73;67;70;48;2;68;61;63m━[38;2;53;45;47;48;2;65;56;57m▝[38;2;51;41;41;48;2;69;55;54m▘[38;2;82;63;60;48;2;86;66;62m┷[38;2;163;153;143;48;2;113;89;81m▝[38;2;149;140;129;48;2;124;116;106m▍[38;2;164;163;160;48;2;141;137;133m▅[38;2;181;181;179;48;2;152;148;143m▃[38;2;191;192;191;48;2;129;121;112m▃[38;2;84;68;56;48;2;173;171;167m━[38;2;92;77;67;48;2;167;164;160m━[38;2;104;93;86;48;2;194;191;189m▅[38;2;105;88;77;48;2;202;199;198m▄[38;2;108;90;77;48;2;214;209;209m▃[38;2;120;108;97;48;2;224;221;222m▃[38;2;164;155;149;48;2;233;231;231m▂[38;2;195;198;197m▁[38;2;132;118;118;48;2;235;233;234m▁[38;2;230;230;230;48;2;236;236;236m╴[38;2;234;234;234;48;2;237;237;237m┎[0m
[38;2;225;225;225;48;2;239;239;239m╸[38;2;244;244;244;48;2;236;236;236m╏[38;2;226;226;226;48;2;239;239;239m╺[38;2;222;216;216;48;2;70;54;51m▌[38;2;51;36;34;48;2;61;50;48m▃[38;2;75;62;62;48;2;55;46;45m▘[38;2;34;26;24;48;2;56;50;49m▁[38;2;59;47;45;48;2;70;59;57m▖[38;2;61;48;43;48;2;80;67;63m▃[38;2;72;54;48;48;2;88;70;64m▂[38;2;78;56;49;48;2;111;88;77m▉[38;2;133;117;106;48;2;153;147;138m▖[38;2;155;152;147;48;2;169;167;164m┓[38;2;173;173;169;48;2;182;182;178m▌[38;2;198;199;197;48;2;189;189;186m▝[38;2;197;197;194;48;2;201;202;201m▖[38;2;203;205;205;48;2;197;198;200m▇[38;2;207;208;208;48;2;200;202;203m▄[38;2;200;202;203;48;2;157;152;147m▇[38;2;188;190;191;48;2;54;46;42m▅[38;2;168;167;164;48;2;39;28;24m▂[38;2;197;198;196;48;2;69;49;38m▁[38;2;61;54;49;48;2;156;148;140m▅[38;2;201;187;188;48;2;41;37;37m▝[38;2;79;67;66;48;2;231;228;228m▎[38;2;230;230;230;48;2;238;238;238m╏[0m
[38;2;240;240;240;48;2;236;236;236m┭[38;2;239;239;239;48;2;237;237;237m╱[38;2;235;235;235;48;2;238;238;238m╉[38;2;64;52;49;48;2;209;201;201m▝[38;2;41;28;23;48;2;50;38;34m┡[38;2;48;36;34;48;2;33;23;20m▘[38;2;28;19;16;48;2;40;32;29m▇[38;2;33;21;17;48;2;50;37;32m▄[38;2;36;21;16;48;2;56;40;35m▄[38;2;40;24;18;48;2;53;37;30m▅[38;2;47;28;22;48;2;56;39;33m▌[38;2;86;70;63;48;2;130;116;108m▉[38;2;165;155;146;48;2;181;178;171m▏[38;2;175;172;165;48;2;183;180;174m▋[38;2;196;195;189;48;2;187;185;180m▗[38;2;203;201;197;48;2;196;196;192m▃[38;2;207;206;203;48;2;203;202;198m┾[38;2;210;209;205;48;2;214;213;210m▋[38;2;204;204;201;48;2;211;210;205m▝[38;2;208;207;203;48;2;217;217;214m▎[38;2;215;214;208;48;2;220;220;219m▁[38;2;221;220;212;48;2;239;239;237m▂[38;2;222;224;223;48;2;63;60;61m▌[38;2;190;183;182;48;2;79;77;75m▆[38;2;239;226;226;48;2;237;235;235m╸[48;2;237;237;237m [0m
[38;2;250;250;250;48;2;235;235;235m╸[38;2;230;230;230;48;2;238;238;238m╏[38;2;249;249;249;48;2;235;235;235m╺[38;2;223;223;223;48;2;239;239;239m╸[38;2;220;218;217;48;2;85;67;64m▄[38;2;158;146;144;48;2;36;23;19m▂[38;2;32;20;16;48;2;24;15;12m▁[38;2;27;16;13;48;2;21;12;9m┊[38;2;25;13;9;48;2;25;14;11m╵[38;2;28;14;11;48;2;33;17;13m▋[38;2;41;24;18;48;2;66;47;38m▌[38;2;103;87;76;48;2;147;140;128m▍[38;2;156;152;141;48;2;176;172;161m▃[38;2;170;166;155;48;2;184;181;172m▖[38;2;181;177;168;48;2;195;193;185m▂[38;2;189;185;173;48;2;202;200;192m▂[38;2;184;179;166;48;2;204;202;195m▂[38;2;178;173;159;48;2;203;200;191m▁[38;2;189;184;173;48;2;204;200;190m▖[38;2;206;201;191;48;2;216;214;207m▂[38;2;228;222;217;48;2;196;193;182m▆[38;2;228;212;210;48;2;230;228;224m╼[38;2;227;221;221;48;2;237;236;236m╏[38;2;251;251;251;48;2;235;235;235m╺[38;2;245;245;245;48;2;236;236;236m╏[38;2;244;244;244;48;2;235;235;235m╏[0m
[38;2;239;239;239;48;2;237;237;237m▖[38;2;238;238;238;48;2;236;236;236m▊[38;2;236;236;236;48;2;238;238;238m▍[38;2;235;235;235m▖[38;2;240;240;240;48;2;236;236;236m▁[38;2;238;238;238;48;2;234;233;233m▆[38;2;230;228;228;48;2;74;55;54m▇[38;2;226;222;222;48;2;31;15;11m▆[38;2;222;218;218;48;2;33;18;13m▅[38;2;229;226;226;48;2;51;34;26m▄[38;2;228;225;225;48;2;87;72;62m▃[38;2;197;177;175;48;2;106;95;85m▁[38;2;104;86;77;48;2;130;123;111m▄[38;2;126;110;98;48;2;152;147;135m▅[38;2;197;185;184;48;2;143;132;119m▁[38;2;126;85;78;48;2;176;169;155m▄[38;2;231;182;172;48;2;174;160;145m▂[38;2;231;228;228;48;2;167;158;144m▃[38;2;236;236;236;48;2;189;181;171m▄[38;2;237;237;237;48;2;209;198;193m▆[38;2;234;234;234;48;2;238;238;238m┵[48;2;237;237;237m▁[38;2;239;239;239m┋[38;2;238;238;238;48;2;236;236;236m▚[38;2;234;234;234;48;2;237;237;237m┒[38;2;239;239;239;48;2;236;236;236m▁[0m
[38;2;225;225;225;48;2;239;239;239m╸[38;2;234;234;234;48;2;238;238;238m╸[38;2;226;226;226;48;2;239;239;239m╺[38;2;250;250;250;48;2;235;235;235m╸[38;2;230;230;230;48;2;238;238;238m╏╏[38;2;250;250;250;48;2;235;235;235m╺[38;2;227;227;227;48;2;238;237;237m╸[38;2;168;115;105;48;2;235;234;235m▁[38;2;222;174;170;48;2;237;237;237m▁[38;2;243;243;243;48;2;234;233;233m┥[38;2;230;220;218;48;2;173;96;78m▌[38;2;157;80;66;48;2;226;208;205m▍[38;2;223;223;223;48;2;239;239;239m╸[38;2;244;244;244;48;2;236;236;236m╏[38;2;234;232;231;48;2;212;110;89m▌[38;2;243;150;126;48;2;238;235;234m▎[38;2;249;249;249;48;2;235;235;235m╸[38;2;230;230;230;48;2;238;238;238m╏[38;2;248;248;248;48;2;235;235;235m╺[38;2;223;223;223;48;2;239;239;239m╸[38;2;244;244;244;48;2;236;236;236m╏╏[38;2;224;224;224;48;2;239;239;239m╺[38;2;230;230;230;48;2;238;238;238m╏╏[0m
[38;2;241;241;241;48;2;236;236;236m┭[38;2;235;235;235;48;2;237;237;237m┒[38;2;238;238;238;48;2;236;236;236m▍[38;2;240;240;240m▖[38;2;234;234;234;48;2;238;238;238m▁[38;2;236;236;236m▎[38;2;235;235;235m▖[38;2;233;231;232;48;2;236;236;236m┶[38;2;237;237;237;48;2;183;158;158m▃[38;2;236;235;235;48;2;196;146;133m▃[38;2;235;234;234;48;2;189;138;127m▂[38;2;226;205;198;48;2;186;112;92m▄[38;2;140;102;94;48;2;222;208;206m▂[38;2;173;112;95;48;2;234;227;226m▂[38;2;217;137;108;48;2;235;234;234m▃[38;2;233;183;167;48;2;219;128;99m▚[38;2;236;204;197;48;2;237;237;237m▏[38;2;239;239;239m▖[38;2;240;240;240;48;2;236;236;236m╏[38;2;236;236;236;48;2;238;238;238m▍[38;2;234;234;234m▖[38;2;240;240;240;48;2;236;236;236m▁[38;2;238;238;238m▍[38;2;239;239;239m▖╊[38;2;234;234;234;48;2;237;237;237m▁[0m
[38;2;245;245;245;48;2;235;235;235m┙[38;2;230;230;230;48;2;238;238;238m╏[38;2;247;247;247;48;2;235;235;235m╺[38;2;225;225;225;48;2;239;239;239m╸[38;2;233;233;233m┙[38;2;230;230;230m╺[38;2;225;225;225m╺[38;2;233;233;233m┣[38;2;230;230;230;48;2;238;238;238m╏[38;2;249;249;249;48;2;235;235;235m╺[38;2;225;225;225;48;2;239;239;239m╸[38;2;238;237;237;48;2;190;163;159m▄[38;2;237;237;237;48;2;202;147;126m▄[38;2;237;236;236;48;2;190;138;124m▃[38;2;236;234;234;48;2;199;133;117m▄[38;2;239;200;178;48;2;236;235;234m▘[38;2;227;227;227;48;2;238;238;238m╸[38;2;226;226;226;48;2;239;239;239m╸[38;2;244;244;244;48;2;236;236;236m╏[38;2;226;226;226;48;2;239;239;239m╺[38;2;245;245;245;48;2;235;235;235m┑[38;2;230;230;230;48;2;238;238;238m╏╏[38;2;226;226;226m╸[38;2;228;228;228;48;2;239;239;239m╸[38;2;244;244;244;48;2;236;236;236m╏[0m
[?25h